temps <- c(60, 55, 50, 60, 60, 55, 65, 60, 60)

weather <- matrix(
  temps,
  nrow = 3,
  ncol = 3
)
weather

weather[1, ]
weather[, 1]

weather[1, 1]
